11 0.2796875 0.4234375 0.071875 0.08125
4 0.3265625 0.490625 0.1046875 0.1046875
5 0.3765625 0.55625 0.1078125 0.1109375
2 0.4296875 0.6296875 0.10625 0.115625
7 0.4796875 0.7078125 0.11875 0.1203125
11 0.4109375 0.321875 0.0734375 0.075
4 0.4546875 0.5 0.10625 0.10625
0 0.5515625 0.6546875 0.0953125 0.1015625
4 0.459375 0.3859375 0.10625 0.096875
5 0.509375 0.45 0.103125 0.1015625
2 0.5609375 0.521875 0.1109375 0.1109375
7 0.6171875 0.5984375 0.11875 0.115625
5 0.475 0.2734375 0.0984375 0.103125
4 0.5796875 0.403125 0.10625 0.1046875
2 0.6375 0.475 0.096875 0.1015625
0 0.6875 0.5515625 0.096875 0.103125