0 0.5078125 0.39609375 0.0796875 0.075
2 0.52265625 0.45546875 0.0734375 0.0703125
5 0.54765625 0.50390625 0.0734375 0.0703125
8 0.57109375 0.5578125 0.0625 0.0640625
3 0.58828125 0.61015625 0.0625 0.075
0 0.38984375 0.4421875 0.0734375 0.0734375
2 0.465625 0.48125 0.0671875 0.0671875
3 0.50546875 0.5828125 0.0625 0.059375
5 0.52734375 0.63125 0.0609375 0.0640625
2 0.40625 0.5 0.065625 0.078125
5 0.4265625 0.553125 0.065625 0.065625
8 0.446875 0.60625 0.06875 0.065625
3 0.46328125 0.65546875 0.059375 0.065625