0 0.53125 0.36875 0.0421875 0.0421875
2 0.5484375 0.4234375 0.046875 0.04375
5 0.575 0.4703125 0.05 0.0515625
8 0.6 0.5234375 0.046875 0.0453125
3 0.621875 0.5671875 0.0390625 0.046875
0 0.4828125 0.3921875 0.0421875 0.04375
2 0.5015625 0.446875 0.04375 0.04375
5 0.5265625 0.4921875 0.0484375 0.0515625
8 0.55 0.546875 0.0484375 0.046875
3 0.5734375 0.590625 0.0390625 0.0484375
2 0.45625 0.4671875 0.0453125 0.0484375
5 0.48125 0.515625 0.05 0.053125
8 0.5046875 0.5671875 0.05 0.0453125
3 0.525 0.6125 0.040625 0.046875
0 0.384375 0.440625 0.0421875 0.0390625
2 0.4078125 0.490625 0.046875 0.05
8 0.453125 0.5921875 0.05 0.046875
3 0.478125 0.6359375 0.040625 0.046875
0 0.334375 0.465625 0.0421875 0.0453125
2 0.359375 0.5140625 0.04375 0.0453125
5 0.384375 0.5625 0.05 0.0515625
8 0.4046875 0.615625 0.046875 0.046875
3 0.4296875 0.6578125 0.0390625 0.0453125