11 0.396875 0.709375 0.0890625 0.08125
4 0.46953125 0.67109375 0.1171875 0.1171875
5 0.540625 0.6296875 0.1234375 0.1203125
2 0.6203125 0.5859375 0.128125 0.1203125
7 0.70390625 0.5453125 0.134375 0.1328125
11 0.3125 0.56640625 0.0828125 0.08125
4 0.49453125 0.5453125 0.11875 0.11875
0 0.66015625 0.46796875 0.1125 0.10625
4 0.38203125 0.5265625 0.109375 0.1171875
5 0.4515625 0.484375 0.1140625 0.1140625
2 0.52890625 0.4421875 0.1234375 0.1234375
7 0.61171875 0.3953125 0.1296875 0.13125
5 0.271875 0.496875 0.1140625 0.1109375
4 0.41328125 0.409375 0.1171875 0.11875
2 0.4921875 0.36015625 0.1125 0.1078125
0 0.57421875 0.3203125 0.1140625 0.109375