11 0.284375 0.41171875 0.0765625 0.084375
4 0.32734375 0.48125 0.109375 0.109375
5 0.3734375 0.55 0.1140625 0.1171875
2 0.42265625 0.62578125 0.1125 0.1203125
7 0.46875 0.70625 0.125 0.1265625
11 0.4203125 0.3171875 0.0765625 0.078125
4 0.4546875 0.49765625 0.1109375 0.1109375
0 0.54375 0.65703125 0.1 0.10625
4 0.465625 0.38359375 0.1109375 0.1015625
5 0.51171875 0.45078125 0.1078125 0.10625
2 0.559375 0.525 0.1171875 0.1171875
7 0.61171875 0.6046875 0.125 0.121875
5 0.48671875 0.27265625 0.103125 0.1078125
4 0.584375 0.4078125 0.1109375 0.109375
2 0.63828125 0.48203125 0.1015625 0.10625
0 0.684375 0.5609375 0.1015625 0.1078125