0 0.4671875 0.59921875 0.0828125 0.0796875
2 0.4671875 0.5375 0.078125 0.0734375
5 0.4546875 0.48515625 0.078125 0.0734375
8 0.4453125 0.4265625 0.065625 0.0671875
3 0.44140625 0.371875 0.0671875 0.078125
0 0.59296875 0.5828125 0.0765625 0.0765625
2 0.52890625 0.5265625 0.071875 0.071875
3 0.51484375 0.41875 0.065625 0.0625
5 0.50546875 0.36640625 0.065625 0.0671875
2 0.59140625 0.52265625 0.0703125 0.08125
5 0.584375 0.465625 0.0703125 0.0703125
8 0.57734375 0.409375 0.0734375 0.0703125
3 0.5734375 0.3578125 0.0640625 0.06875