11 0.6171875 0.2984375 0.09375 0.0859375
4 0.5421875 0.33125 0.1234375 0.1234375
5 0.46796875 0.36796875 0.1296875 0.1265625
2 0.3859375 0.40625 0.134375 0.1265625
7 0.3 0.440625 0.140625 0.1390625
11 0.6921875 0.446875 0.0875 0.0859375
4 0.50859375 0.45546875 0.125 0.125
0 0.33828125 0.52109375 0.1171875 0.1125
4 0.61953125 0.48203125 0.115625 0.1234375
5 0.54765625 0.51875 0.11875 0.1203125
2 0.4671875 0.55546875 0.1296875 0.1296875
7 0.38125 0.59609375 0.1359375 0.1390625
5 0.72734375 0.51875 0.1203125 0.115625
4 0.5796875 0.596875 0.1234375 0.125
2 0.4984375 0.63984375 0.11875 0.1140625
0 0.41328125 0.67421875 0.1203125 0.1140625