0 0.396875 0.4828125 0.06875 0.0734375
2 0.4578125 0.4734375 0.0640625 0.06875
5 0.5078125 0.453125 0.0640625 0.06875
8 0.5640625 0.434375 0.059375 0.0578125
3 0.6171875 0.421875 0.0703125 0.05625
0 0.4328125 0.6046875 0.0671875 0.0671875
2 0.478125 0.5328125 0.0625 0.0625
3 0.5828125 0.5015625 0.0546875 0.0578125
5 0.6328125 0.484375 0.059375 0.05625
2 0.4921875 0.59375 0.0734375 0.059375
5 0.546875 0.578125 0.0609375 0.0609375
8 0.6015625 0.5625 0.0609375 0.0640625
3 0.6515625 0.55 0.0609375 0.0546875