11 0.26875 0.4671875 0.0859375 0.09375
4 0.328125 0.52421875 0.1234375 0.1234375
5 0.38984375 0.57890625 0.1265625 0.1296875
2 0.45546875 0.640625 0.1265625 0.134375
7 0.51953125 0.7078125 0.1390625 0.140625
11 0.37890625 0.3421875 0.0859375 0.0875
4 0.45546875 0.50859375 0.125 0.125
0 0.58046875 0.6421875 0.1125 0.1171875
4 0.43828125 0.39609375 0.1234375 0.115625
5 0.5 0.44921875 0.1203125 0.11875
2 0.5640625 0.51015625 0.1296875 0.1296875
7 0.63359375 0.57421875 0.1390625 0.1359375
5 0.43203125 0.28203125 0.115625 0.1203125
4 0.559375 0.38984375 0.125 0.1234375
2 0.63046875 0.44921875 0.1140625 0.11875
0 0.69375 0.51484375 0.1140625 0.1203125