0 0.634375 0.5078125 0.0484375 0.0484375
2 0.58359375 0.534375 0.0515625 0.053125
5 0.5421875 0.56875 0.059375 0.0578125
8 0.49453125 0.60234375 0.053125 0.0546875
3 0.4546875 0.63203125 0.053125 0.046875
0 0.603125 0.4640625 0.05 0.0484375
2 0.55234375 0.4921875 0.05 0.05
5 0.5125 0.525 0.059375 0.05625
8 0.4625 0.55703125 0.0546875 0.05625
3 0.4234375 0.58828125 0.0546875 0.046875
2 0.525 0.4515625 0.05625 0.053125
5 0.48125 0.484375 0.0609375 0.0578125
8 0.434375 0.51640625 0.053125 0.0578125
3 0.39375 0.54453125 0.053125 0.0484375
0 0.53828125 0.37578125 0.0453125 0.0484375
2 0.49296875 0.4078125 0.0578125 0.0546875
8 0.40078125 0.46953125 0.0546875 0.0578125
3 0.3625 0.50234375 0.053125 0.0484375
0 0.50546875 0.33125 0.0515625 0.05
2 0.46171875 0.3640625 0.0515625 0.0515625
5 0.41875 0.396875 0.059375 0.0578125
8 0.36953125 0.4265625 0.0546875 0.0546875
3 0.33203125 0.4578125 0.0515625 0.046875