11 0.62421875 0.30234375 0.0953125 0.0890625
4 0.5484375 0.3328125 0.125 0.125
5 0.47265625 0.3671875 0.1328125 0.1296875
2 0.38984375 0.40234375 0.1359375 0.1296875
7 0.30234375 0.43359375 0.14375 0.1421875
11 0.69375 0.453125 0.0890625 0.0890625
4 0.51015625 0.45546875 0.128125 0.128125
0 0.3375 0.515625 0.1203125 0.115625
4 0.6203125 0.4859375 0.11875 0.125
5 0.546875 0.5203125 0.121875 0.1234375
2 0.46484375 0.5546875 0.1328125 0.1328125
7 0.37734375 0.5921875 0.1390625 0.1421875
5 0.7265625 0.5265625 0.121875 0.11875
4 0.5765625 0.59921875 0.1265625 0.1265625
2 0.49375 0.63984375 0.1203125 0.1171875
0 0.4078125 0.67109375 0.121875 0.1171875