0 0.63046875 0.5359375 0.04375 0.04375
2 0.575 0.55078125 0.0453125 0.0484375
5 0.52734375 0.57578125 0.053125 0.0515625
8 0.4734375 0.59921875 0.046875 0.0484375
3 0.42890625 0.61953125 0.0484375 0.040625
0 0.60859375 0.48671875 0.0453125 0.04375
2 0.553125 0.503125 0.0453125 0.0453125
5 0.50703125 0.5265625 0.053125 0.05
8 0.4515625 0.5484375 0.0484375 0.05
3 0.40703125 0.5703125 0.05 0.040625
2 0.534375 0.45703125 0.05 0.046875
5 0.48515625 0.48046875 0.0546875 0.0515625
8 0.4328125 0.50234375 0.046875 0.0515625
3 0.38671875 0.52109375 0.0484375 0.0421875
0 0.56328125 0.38671875 0.040625 0.04375
2 0.5125 0.4078125 0.0515625 0.0484375
8 0.409375 0.45 0.0484375 0.0515625
3 0.36484375 0.4734375 0.0484375 0.0421875
0 0.53984375 0.3359375 0.046875 0.04375
2 0.490625 0.35859375 0.046875 0.0453125
5 0.44140625 0.38203125 0.053125 0.0515625
8 0.3875 0.40078125 0.0484375 0.0484375
3 0.34453125 0.42421875 0.046875 0.040625