2 0.525 0.3078125 0.0421875 0.0375
5 0.571875 0.309375 0.040625 0.040625
4 0.615625 0.3046875 0.0453125 0.0390625
3 0.66875 0.2984375 0.05 0.0375
6 0.471875 0.5375 0.0390625 0.0328125
2 0.515625 0.5390625 0.0421875 0.0359375
5 0.559375 0.540625 0.040625 0.0359375
4 0.609375 0.5359375 0.0453125 0.0328125
3 0.6578125 0.53125 0.0421875 0.0328125
6 0.4671875 0.6234375 0.05625 0.0484375
2 0.51875 0.63125 0.053125 0.0484375
5 0.565625 0.6296875 0.04375 0.0390625
4 0.6125 0.6265625 0.0484375 0.0421875
3 0.6609375 0.6203125 0.0453125 0.040625
6 0.4796875 0.3109375 0.040625 0.03125