6 0.41875 0.609375 0.01875 0.034375
2 0.4109375 0.571875 0.0203125 0.034375
5 0.3984375 0.5359375 0.028125 0.03125
4 0.3875 0.49375 0.025 0.040625
3 0.3828125 0.45 0.021875 0.0375
6 0.590625 0.603125 0.0328125 0.0421875
2 0.5796875 0.5578125 0.0390625 0.040625
5 0.5734375 0.5140625 0.0421875 0.0421875
4 0.565625 0.4625 0.0421875 0.05
3 0.565625 0.4125 0.0359375 0.046875
6 0.684375 0.6015625 0.05625 0.065625
2 0.6796875 0.540625 0.0609375 0.0609375
5 0.675 0.4890625 0.05625 0.0515625
4 0.671875 0.4359375 0.053125 0.0609375
3 0.671875 0.3828125 0.0515625 0.05625