2 0.46796875 0.69140625 0.04375 0.0390625
5 0.421875 0.68828125 0.0421875 0.0421875
4 0.37734375 0.69140625 0.046875 0.040625
3 0.32421875 0.6953125 0.0515625 0.0390625
6 0.5296875 0.46328125 0.040625 0.034375
2 0.4859375 0.46015625 0.04375 0.0375
5 0.4421875 0.45703125 0.0421875 0.0375
4 0.3921875 0.46015625 0.046875 0.034375
3 0.34375 0.46328125 0.04375 0.034375
6 0.53671875 0.378125 0.0578125 0.05
2 0.4859375 0.36796875 0.0546875 0.05
5 0.4390625 0.36796875 0.0453125 0.040625
4 0.3921875 0.36953125 0.05 0.04375
3 0.34375 0.37421875 0.046875 0.0421875
6 0.5140625 0.68984375 0.0421875 0.0328125