2 0.6890625 0.54140625 0.040625 0.0453125
5 0.68359375 0.58828125 0.04375 0.04375
4 0.684375 0.63203125 0.0421875 0.0484375
3 0.6859375 0.6859375 0.0421875 0.053125
6 0.46484375 0.46875 0.0359375 0.0421875
2 0.459375 0.5125 0.0390625 0.0453125
5 0.4546875 0.55546875 0.0390625 0.04375
4 0.4546875 0.60546875 0.0359375 0.0484375
3 0.45546875 0.6546875 0.0359375 0.0453125
6 0.3796875 0.45625 0.053125 0.0609375
2 0.36796875 0.50703125 0.053125 0.0578125
5 0.36484375 0.55390625 0.0421875 0.046875
4 0.3640625 0.60078125 0.046875 0.0515625
3 0.36640625 0.65 0.04375 0.0484375
6 0.68984375 0.49609375 0.034375 0.04375