2 0.51171875 0.30625 0.0453125 0.040625
5 0.55859375 0.3046875 0.04375 0.04375
4 0.6015625 0.296875 0.0484375 0.0421875
3 0.65390625 0.2875 0.053125 0.040625
6 0.47421875 0.5390625 0.040625 0.0359375
2 0.51796875 0.5375 0.0453125 0.0390625
5 0.56171875 0.53671875 0.04375 0.0390625
4 0.61171875 0.528125 0.046875 0.0359375
3 0.659375 0.5203125 0.04375 0.0359375
6 0.47578125 0.62578125 0.059375 0.0515625
2 0.528125 0.6296875 0.05625 0.0515625
5 0.57421875 0.625 0.046875 0.0421875
4 0.62109375 0.61875 0.0515625 0.0453125
3 0.66875 0.60859375 0.0484375 0.04375
6 0.46640625 0.3125 0.0421875 0.034375