2 0.6921875 0.525 0.0375 0.0421875
5 0.690625 0.571875 0.040625 0.040625
4 0.6953125 0.615625 0.0390625 0.0453125
3 0.7015625 0.66875 0.0375 0.05
6 0.4625 0.471875 0.0328125 0.0390625
2 0.4609375 0.515625 0.0359375 0.0421875
5 0.459375 0.559375 0.0359375 0.040625
4 0.4640625 0.609375 0.0328125 0.0453125
3 0.46875 0.6578125 0.0328125 0.0421875
6 0.3765625 0.4671875 0.0484375 0.05625
2 0.36875 0.51875 0.0484375 0.053125
5 0.3703125 0.565625 0.0390625 0.04375
4 0.3734375 0.6125 0.0421875 0.0484375
3 0.3796875 0.6609375 0.040625 0.0453125
6 0.6890625 0.4796875 0.03125 0.040625