6 0.603125 0.5890625 0.0359375 0.021875
2 0.565625 0.59375 0.0359375 0.0234375
5 0.52890625 0.60390625 0.0328125 0.0296875
4 0.4859375 0.61171875 0.0421875 0.028125
3 0.4421875 0.61328125 0.0390625 0.025
6 0.609375 0.41640625 0.04375 0.0359375
2 0.56328125 0.42421875 0.04375 0.0421875
5 0.51953125 0.42734375 0.0453125 0.0453125
4 0.4671875 0.43203125 0.053125 0.0453125
3 0.4171875 0.428125 0.05 0.0390625
6 0.6140625 0.3234375 0.06875 0.0609375
2 0.553125 0.3234375 0.065625 0.065625
5 0.5015625 0.325 0.0546875 0.059375
4 0.4484375 0.32421875 0.0640625 0.0578125
3 0.3953125 0.3203125 0.059375 0.0546875