6 0.6109375 0.5796875 0.034375 0.01875
2 0.5734375 0.5875 0.034375 0.0203125
5 0.5375 0.60078125 0.03125 0.028125
4 0.49609375 0.6125 0.040625 0.025
3 0.45234375 0.61796875 0.0375 0.021875
6 0.6015625 0.4078125 0.0421875 0.0328125
2 0.55625 0.41953125 0.040625 0.0390625
5 0.5125 0.4265625 0.0421875 0.0421875
4 0.46171875 0.43515625 0.05 0.04375
3 0.41171875 0.4359375 0.046875 0.0375
6 0.5984375 0.3140625 0.0671875 0.0578125
2 0.5375 0.31953125 0.0625 0.0625
5 0.4859375 0.325 0.053125 0.0578125
4 0.4328125 0.32890625 0.0625 0.0546875
3 0.3796875 0.33046875 0.0578125 0.053125