6 0.58515625 0.39375 0.0203125 0.034375
2 0.59140625 0.43125 0.021875 0.034375
5 0.603125 0.46796875 0.0296875 0.0328125
4 0.6125 0.51015625 0.0265625 0.0421875
3 0.615625 0.55390625 0.0234375 0.0375
6 0.41328125 0.39375 0.034375 0.04375
2 0.42265625 0.4390625 0.040625 0.0421875
5 0.42734375 0.48359375 0.04375 0.04375
4 0.4328125 0.53515625 0.04375 0.0515625
3 0.43125 0.58515625 0.0375 0.0484375
6 0.31953125 0.3921875 0.0578125 0.0671875
2 0.321875 0.453125 0.0625 0.0625
5 0.325 0.5046875 0.0578125 0.053125
4 0.32578125 0.5578125 0.0546875 0.0625
3 0.32421875 0.6109375 0.053125 0.0578125