6 0.3875 0.42265625 0.034375 0.0203125
2 0.425 0.41328125 0.034375 0.021875
5 0.46015625 0.4 0.0328125 0.0296875
4 0.50234375 0.3875 0.0421875 0.0265625
3 0.54609375 0.38125 0.0375 0.0234375
6 0.4 0.59453125 0.04375 0.034375
2 0.4453125 0.58203125 0.0421875 0.040625
5 0.48828125 0.57421875 0.04375 0.04375
4 0.53984375 0.5640625 0.0515625 0.04375
3 0.58984375 0.5625 0.0484375 0.0375
6 0.4046875 0.6875 0.0671875 0.0578125
2 0.465625 0.68125 0.0625 0.0625
5 0.5171875 0.67421875 0.053125 0.0578125
4 0.5703125 0.66953125 0.0625 0.0546875
3 0.6234375 0.66796875 0.0578125 0.053125