6 0.5921875 0.4 0.021875 0.0359375
2 0.59609375 0.4375 0.0234375 0.0359375
5 0.6046875 0.475 0.03125 0.034375
4 0.6109375 0.51796875 0.0296875 0.04375
3 0.6109375 0.56171875 0.025 0.0390625
6 0.4203125 0.38828125 0.0375 0.0453125
2 0.4265625 0.434375 0.04375 0.04375
5 0.428125 0.478125 0.046875 0.046875
4 0.43046875 0.53046875 0.046875 0.0546875
3 0.42578125 0.58046875 0.040625 0.05
6 0.32734375 0.3796875 0.0625 0.071875
2 0.32578125 0.440625 0.0671875 0.0671875
5 0.325 0.49296875 0.0609375 0.0578125
4 0.32265625 0.54609375 0.059375 0.065625
3 0.3171875 0.5984375 0.0578125 0.0609375