2 0.69296875 0.484375 0.0453125 0.0484375
5 0.7015625 0.53046875 0.0484375 0.0484375
4 0.71484375 0.57265625 0.046875 0.053125
3 0.73203125 0.6234375 0.046875 0.05625
6 0.4578125 0.48046875 0.040625 0.0453125
2 0.46484375 0.5234375 0.04375 0.0484375
5 0.47265625 0.56640625 0.04375 0.046875
4 0.4875 0.61484375 0.0421875 0.0515625
3 0.50234375 0.6609375 0.040625 0.0484375
6 0.37265625 0.49375 0.059375 0.065625
2 0.37578125 0.5453125 0.0578125 0.0625
5 0.38671875 0.59140625 0.046875 0.0515625
4 0.39921875 0.63671875 0.0515625 0.05625
3 0.415625 0.6828125 0.0484375 0.053125
6 0.68046875 0.440625 0.0390625 0.046875